-0.021843366106903777
-0.02350064611888308
-0.014783499688493323
-0.020526761856632922
-0.021254854461433763
-0.01618060366475912
-0.012415057749618975
-0.016178980228136977
-0.019258332313614103
-0.0180130920050287
-0.011616488924923514
-0.017037061287434128
-0.01902080484788609
-0.01803186728568778
-0.015518612350991837
-0.004178149446212028
0.012796681634677239
0.007280761765965483
-0.014116913847115158
-0.019916794819794647
-0.021572446697920952
-0.02208463771628958
-0.02110422470045853
-0.022799620058144298
-0.022270904556647382
-0.02225201288341709
-0.02168960238615566
-0.021563517268384114
-0.021974536750524645
-0.02228381078560447
-0.021491550669487814
-0.016148846574053057
-0.013389471642250288
-0.004780580587253247
7.010026827426847E-4
0.0010032609812620362
-0.0030302069368654885
-0.01653015340312165
-0.022101996070251585
-0.021021547266940197
-0.021650529367109903
-0.022413121705546272
-0.02259463060497011
-0.02312127050673348
-0.02258681254593541
-0.02273317626138221
-0.02328844552247699
-0.02262881707912224
-0.02365978308192458
-0.02257696071555655
-0.02828516330471637
-0.023845799868581628
-0.023857363426050583
-0.023187669439269077
-0.024032298233477398
-0.023334011459181393
-0.02335354604663088
-0.02343327317718064
-0.019471217073585657
-0.02379754276090502
-0.023237898313692752
-0.023336372228597357
-0.023361724175161788
-0.02374473348311098
-0.022706756481276087
-0.023508595698279112
-0.023398949033537165
-0.023334345913373213
-0.023637206892511854
-0.022343823772572453
-0.022614888532305272
-0.021839790573532542
-0.02186507306619067
-0.02351051471891494
-0.022948885503392483
-0.022702161550764342
-0.023157681008916832
-0.02357809051252618
-0.023906877867842746
-0.023939810042549373
-0.023675668110947394
-0.023068106434453024
-0.023800032745821004
-0.02315375310309815
-0.02215968694126371
-0.019986077899682462
-0.01713849999122251
-0.012629802793316065
-0.007238986597337034
0.006860199014275503
0.01185340729290782
0.01504671511208058
0.019946350272901252
0.02969361601786406
0.03036108009083988
0.03057317625155578
0.031844621870920076
0.03325257050688986
0.033839337529351074
0.031319092227091956
0.03218541864493853
0.030983191707600458
0.032431272606010954
0.03002442265346918
0.032837509271557666
0.03151644199524817
0.03218500498263521
0.03334529513826202
0.030794966726963118
0.02966204675948807
0.028455780066511383
0.02180267248440739
0.025234544196617102
0.028720749595847552
0.030133882214236157
0.028108032659553306
0.023299122884727665
0.022644159665981937
0.025491743845896603
0.016584675719398638
0.005638532584427939
0.01187083698168125
0.01024445845723742
0.007904822411458796
0.01069649271048179
0.005998229982064479
0.010091655376679907
0.003184116288965927
0.003906464769297736
0.008280104698030545
0.0023671114358049163
-0.007865210710482618
-0.022170195456361584
-0.024100451079386492
-0.024340104594189216
-0.02449818363544848
-0.01831623390092105
-0.013519338032794866
-0.01812514768082188
-0.018935413738255042
-0.02244224171480874
-0.02451536774488901
-0.024676550318866113
-0.022878979724638565
-0.023724773054591045
-0.024069571979836325
-0.02391767796748574
-0.023601158860750492
-0.023723128478671796
-0.023799235843468023
-0.023138451190310858
-0.023772221172712698
-0.01944892238612228
-0.00998268574738619
-0.009786658872926256
-0.008863752819360766
-0.008071152503776543
-0.00982714111877701
-0.018431249498070828
-0.021824311965611885
-0.02285615149545248
-0.023273587970446145
-0.023925800115730173
-0.023592315098869915
-0.02269688614978665
-0.0239498444859843
-0.021930630710905757
-0.017330048086910705
-0.005862208198569569
-0.015341578493858466
-0.016884122971029224
-0.01839850458612539
-0.014264560896565939
-0.014881934756369144
-0.010006613565886478
-0.00827142794549069
-0.003137647819100785
-0.003918055539531309
0.0064459083548978864
0.014803244106225733
0.015939863379355677
0.016018891175223777
0.015136712990415524
0.015182616550723269
0.014668173137272183
0.017561610602875984
0.020099332969419598
0.021819412339585113
0.020887415251738727
0.020881287806379427
0.0216614787599186
0.021509615946230198
0.018666580287790297
0.024814577599832428
0.02174940518709204
0.01864145531542411
0.018785689637350382
0.02440474215432114
0.023883596037513694
0.023482050470750006
0.023983450410902527
0.030113435687391058
0.030829637354116545
0.02992007742028041
0.029762025739978337
0.023064753057964908
0.016262233030417468
0.020820351805935753
0.0038510426034118984
-0.013401396586148973
-0.01442090296535891
-0.013496444773540575
-0.01954897247807337
-0.024029261601918556
-0.02420454943516989
-0.024009912322899608
-0.023758470433159047
-0.023863562740398206
-0.023760789661368777
-0.02375091192379062
-0.023353341500041383
-0.023963812492532106
-0.023335831869745857
-0.023590468852347946
-0.023236759102269456
-0.023839234298288322
-0.02356357038012115
-0.023585566353774543
-0.023714640859581707
-0.023593935244720695
-0.02398916726683138
-0.02433399793373162
-0.02402568224250373
-0.023577205184515084
-0.023100582594762588
-0.01989436737266327
-0.007870350809615682
-0.011778919119879754
-0.013091903977054991
-0.008616729476360076
0.0031428251136666543
0.01075324082517928
0.018313043428586213
0.011425479721413976
0.011755045600333452
0.013424768183696104
0.014568447810029972
0.010220277882283732
0.01235617461264088
0.016545023046137586
0.020405103646063804
0.021097092378629178
0.021615588308653975
0.02037022209171041
0.021661386508140264
0.02391010027303338
0.021363549016798634
0.025688368780282224
0.026514677492252833
0.027605404267093066
0.03062310755564003
0.029861753435585888
0.03175078204082793
0.02928979213249834
0.029578135442392888
0.029316500380860394
0.025223680140308687
0.025193710131563737
0.0257992396158382
0.029141792365594825
0.026729892323682527
0.024954105890357573
0.02751250935037407
0.027009195873792934
0.027616739210226938
0.02930156235347561
0.03050335731356805
0.02930206755022869
0.029795194209085888
0.028114472723514677
0.030323845460812272
0.030519924395979472
0.029957250104656476
0.029450890587874354
0.029292517038658886
0.030377801805258012
0.029428696296886412
0.028972497453075792
0.02974550326513128
0.030898298119354895
0.02815633540748766
0.019514803304104676
0.01026023337852926
0.01602205932831145
0.003233010522003714
-0.01133391673998405
-0.010708802943864247
-0.013357144367749266
-0.012276114762500984
-0.010701141778560415
-0.01480178011251396
-0.017820416569180462
-0.015673499937090263
-0.005526401886177925
0.004851969492813475
0.005871747831009782
8.531980703493975E-4
-0.0033954511475091723
-0.0016788580018849341
-0.01486364197596703
-0.017531695728878204
-0.020301815558681803
-0.020678636429653237
-0.019037067642773797
-0.012541312934557333
-0.005438708328412572
-0.0046181446100242865
-0.01237883208754267
-0.02033534901474906
-0.019800206739406478
-0.012295318871210686
0.0017551693981838982
0.007493662869233214
0.0040893593802929906
0.009006403793556314
0.01675310083597656
0.022245862314908525
0.023203012635840695
0.019616479371956055
0.012594777644677695
0.011728397017705856
0.007533039011686249
0.009328805177272033
0.011811797822789162
0.014485481772469444
0.00885499134905511
0.004962762017677491
0.005828809356767436
-0.008019182457454047
-0.00949325622465829
-0.011096099367122848
-0.018719160482447907
-0.020345543347584115
-0.020096335261919
-0.024242354075684446
-0.02379891011395624
-0.02352027651457529
-0.026211558615754246
-0.02560064612896107
-0.023594624393733898
-0.024316499835659852
-0.024190884812541395
-0.022542872212290673
-0.02307089906784075
-0.02259289216763153
-0.022418145142174953
-0.016949184046720467
-0.01584221087064835
-0.01952129653983978
-0.01945589573570655
-0.02044021100002376
-0.01624337172965215
-0.016219519172757508
-0.018417523718016915
-0.013904525279931489
0.0019138292696448058
0.01869211938806441
0.017960455108955956
0.014126864481992931
0.015159554834929468
0.017924072638557907
0.023163385973426466
0.028213808726695044
0.030077909465822734
0.030263239555424117
0.03152328950903746
0.028747907291441627
0.029354120911137083
0.03107576340467209
0.03097898566259684
0.030606953869590513
0.0274073469762009
0.027265010916017105
0.029735585691446163
0.02854825226856165
0.026275337121690615
0.02639286185391351
0.0273716051693939
0.029251865570416136
0.03019544714149488
0.02656935652212108
0.025764698175666016
0.022532543189262056
0.021071000888211237
0.019662023998330596
0.01981650111373195
0.02148263932957207
0.01836241399308832
0.013725684650793026
0.011502569707727443
-0.005982417856540484
-0.009295588397488359
-0.008766511168566062
-0.005772887082921073
-0.007151377338880654
0.0014627170931293594
0.004221738400193798
-0.01237818542700439
-0.01778157809255433
-0.01642170518049452
-0.021053295775149448
-0.023254005860038448
-0.02391355800706503
-0.02656012070020724
-0.02861326345467075
-0.027659677594053217
-0.02790715811202812
-0.025625142952758098
-0.02195213721598231
-0.02032254103662766
-0.00992229346054696
0.0034070809646329233
0.004306474127907853
0.013265941418535921
0.012490013602946555
0.014687375375510882
0.018276718808640426
0.021229634526196504
0.02264275164246332
0.025461551194067466
0.02650447700520225
0.027995157431996546
0.028191863964958864
0.029414071218897376
0.027896492371711656
0.02888353806274701
0.028055927066933203
0.02749302034347169
0.02666039565919103
0.028333223691918843
0.026487020813022337
0.028303480946615642
0.026015047283959144
0.027870301064449588
0.025873781175020687
0.026657977456780214
0.020508297180866587
0.02433403252338318
0.02022643879775048
0.022242243829790377
0.019740469863187032
0.023989617866036265
0.02291799035423557
0.02467694051939282
0.02698264954520527
0.027122177536156106
0.026478774298258997
0.025911630946700466
0.028020496188410394
0.025960541717659543
0.02642604267755183
0.02603317997763667
0.026326911076675254
0.027798552686694462
0.027780337845534575
0.0272834126433339
0.025932419081905054
0.027547604826226264
0.027469908790745835
0.029004157111696564
0.02933263398018352
0.028411571638298383
0.027292295324905104
0.027196266147363587
0.02833616383776069
0.02574546466208712
0.021194633532479135
0.015195690451408977
0.009091526469265324
0.008786348762872338
0.011736918976830314
-0.004916009713397968
-0.013941109817193913
-0.009933401810617564
-0.010926724993692245
-0.0033817411169885948
-0.00553003877106623
-0.00971258833952637
-0.022447431109610047
-0.023795237412129657
-0.029278400675763296
-0.03089537020408564
-0.03302496517921177
-0.03337094488404392
-0.0327242693529782
-0.033197362283433125
-0.03300491246530357
-0.03318870673080621
-0.03331077702813729
-0.032958692873822665
-0.03340742578252272
-0.032256865514157
-0.033061476090604995
-0.03334255189362894
-0.03330880054910895
-0.03315796549761606
-0.03297252937136274
-0.03202513227025696
-0.03220686369516527
-0.031235737926829734
-0.030387565304989223
-0.02815527148320314
-0.029631903342185864
-0.030047723864392473
-0.02868675612535245
-0.0275661504937895
-0.027356296796009694
-0.025664530229176565
-0.025165065252896798
-0.022883050541833195
-0.019687810368073027
-0.020837873147838786
-0.018156952874864424
-0.01966718615002578
-0.02124844649109973
-0.022172221253458222
-0.023484482162790515
-0.024795696297591954
-0.0226427994521496
-0.024040435625341857
-0.021844982026175127
-0.017388074678486774
-0.015510756574135719
-0.010119482193090158
-0.016391224651163976
-0.014154245755447444
-0.012027787798889002
-0.01108531011384602
-0.010339093783491158
-4.086132611368326E-6
0.018597456267107206
0.022739841202570013
0.025460467537145894
0.023556596968008325
0.02414170859308302
0.023164762436168263
0.023422445066544662
0.026841271702627924
0.028161106581338094
0.025604030896107303
0.025998836309898934
0.02587463841332503
0.029468643950967134
0.02913552213124145
0.02771577513278672
0.0275671857920712
0.026108052789409995
0.02531924894104791
0.0213683069514938
0.01056353888787201
0.013479886184360978
0.013537831667740495
0.00653460668599699
-0.003612989336569579
-0.005058629190430724
-0.00971492243963967
-0.01291513899714481
-0.012020803822405144
-0.011237560161820065
-0.0053623380912991275
-0.016633347838183557
-0.0180027636461503
-0.01869115911532638
-0.016074671939978583
-0.0176574487868864
-0.01785908218520482
-0.016361797004289295
-0.01875760038751428
-0.024102137958761195
-0.02051548322856003
-0.020444593625258797
-0.017604616836451654
-0.010171021695715626
-0.006386335360031359
-0.011597725013265663
-0.0226008570177982
-0.02014402853630889
-0.017516923011075363
-0.01441201883925609
-0.021309577967193953
-0.029786842894393425
-0.03179365517768749
-0.03270713488008968
-0.032722824222533614
-0.03344133174384511
-0.03325860438935303
-0.033098503899162406
-0.03323844488434797
-0.03390086406056084
-0.03363242957291462
-0.033224271242571074
-0.033586957244183244
-0.03295986672790608
-0.032698067200644776
-0.03275206836864811
-0.029153368206489116
-0.026356859185256872
-0.021179242893426837
-0.019472558839503735
-0.007938932049830656
-0.001020927187445121
5.543860424801642E-4
0.009945939409541422
0.019528854577743626
0.02482669693492546
0.025637648196387763
0.024698780453461824
0.023799044220653202
0.021862255463576702
0.020157668929514462
0.019802604324726365
0.011807100075693813
0.0020117376650662707
7.51459368070398E-4
0.0011616021817391921
-0.003347326694603958
-0.0023919398533015263
0.004130058982473744
0.002597558254145903
0.006092016211147036
5.299355613570327E-4
-0.0017568301214430809
-0.001543611232795602
-0.013687880855177335
-0.014439467296861547
-0.014394685039299662
-0.010881928829454768
-0.005774938014964547
0.0038843338262763644
0.006665881920536652
0.012590909421484418
0.012182449718053264
0.014969811117559201
0.016808434411340372
0.015342291197791399
0.015370806921396061
0.016813438506515052
0.01763149989144539
0.020208695029936774
0.025477892387472816
0.025289332941877646
0.01911969171042712
0.019501997718413752
0.017459977174053454
0.014865742534939226
0.013433675603880996
0.01190197340364324
0.002918342183307378
-0.013524683858884726
-0.02116484162346482
-0.023948441398186936
-0.02463252356154981
-0.02493834861827018
-0.026556312858186642
-0.026455910532438624
-0.023754775707218873
-0.014913218331096465
-0.008843745320305147
-0.018348772163244445
-0.0185592188577668
-0.01283400018730729
-0.012921256642883704
-0.01935659868517294
-0.01817258925399861
-0.013426085455859459
-0.01080502612779716
-0.005399348331339189
-0.011421737289257054
-0.012587343276238817
-0.014756383541413572
-0.006270690920037203
-1.5945414425966222E-4
-0.001665506690024035
0.008065841219219523
0.016152467189734752
0.01410922055136812
0.0063892766878736705
0.0044265673769657956
8.460434112570773E-4
0.00905946574527726
0.015014967780765665
0.01746069259062897
0.02347730894363952
0.025450512212354438
0.026359118333570845
0.02822708255708397
0.029703932455871197
0.030088914463187524
0.030944125249276946
0.031248246740559763
0.03101713888469214
0.028766326101977022
0.02906742369783922
0.03016779845949863
0.02989224098042417
0.020178328323499407
0.012287569712765883
0.017477302385652944
0.014360952886981693
0.017023239099655012
0.015987768301193948
0.02109858550907494
0.022264942417083683
0.025168929049080947
0.022683423089851835
0.027320443670783394
0.028840209057472005
0.027203601963541844
0.024938212090416145
0.02822393232743256
0.025602043758330608
0.02430257782763684
0.01845019672460828
0.021385527252255666
0.022836082167310062
0.01936794053397853
0.01874436233934427
0.020476689391804376
0.021845702053752556
0.023060667340832213
0.027027876558733305
0.026087505287430562
0.028791248877273967
0.02777673947506231
0.027499240693848567
0.02083127410564202
0.02222184982417273
0.01906217509651736
0.02093447260502185
0.02352696373908123
0.024900291932771167
0.02928289318330186
0.027646201887705422
0.02704248769455918
0.027149576700761024
0.024525672256291743
0.027191778693653957
0.02721166963757789
0.02238418781857429
0.014910277214037725
0.014602890437253543
0.013734452670674805
0.008068478380212308
-0.002689894669114446
-0.001999627927874181
-0.005259038175886734
-0.004352035475132633
0.005599649427990236
0.001770958288572948
-0.019628449543183622
-0.029756750379684224
-0.03165857113448798
-0.03121209363266068
-0.031162308836427902
-0.031187353931570416
-0.03100539948234678
-0.030206151247609777
-0.030731012098519004
-0.029825610421497884
-0.030370188537153796
-0.030335887853564347
-0.03021363009090301
-0.030372326938933127
-0.03019715898914489
-0.030324408909451307
-0.02985350284270103
-0.02989209175559308
-0.029551177656083154
-0.029907389067404772
-0.02970777511394503
-0.029947242939980027
-0.02989037768713382
-0.029908216008195068
-0.03024848880021373
-0.030050476581433238
-0.030109756477931893
-0.029781524447068334
-0.03033640675449267
-0.030147671935691775
-0.030704260238762267
-0.030475666322864605
-0.030245346076216192
-0.030296919151142587
-0.030344874242846456
-0.0307143329713116
-0.030646293580855775
-0.030869894707439036
-0.031185809778208336
-0.03136080963212596
-0.028146069567902398
-0.03042186245340917
-0.030696546607361253
-0.03061397614197822
-0.030649945553493204
-0.030325461265568242
-0.031196736464412612
-0.0312638626575222
-0.030839330677066904
-0.030121917996078763
-0.030288184110520505
-0.030027354858469368
-0.029477528213393014
-0.030820831864983734
-0.030620065676744575
-0.0302550231162655
-0.030396805313283207
-0.03104725499864398
-0.031202930676308662
-0.030821077246875512
-0.030935350214356536
-0.031084983288442728
-0.03137693575363936
-0.03204373314088859
-0.03198752884711289
-0.03217088626472014
-0.032305943555634126
-0.03225274462714557
-0.0325149198484849
-0.03067111258913637
-0.026573469107819832
-0.02314359523463802
-0.02627652641110967
-0.022049815321406083
-0.022508032137410924
-0.029845512314461104
-0.0317023747645068
-0.03131150259946201
-0.031536846709498606
-0.031252145091201916
-0.031298908446286806
-0.03093513880589251
-0.030680754885444143
-0.030932469122165508
-0.030842163520772608
-0.03083547462971861
-0.02924991077676532
-0.025329392297895745
-0.023579147518271268
-0.028662904476110602
-0.024877139679396747
-0.0202285862722021
0.003017919821970436
0.008663846076243244
0.002353795364894344
0.001975918380339087
0.014890756805607266
0.022859292106883446
0.024881603994636566
0.024843220254031614
0.024853162435547256
0.023308171212358494
0.021795381335253838
0.02348801656183156
0.02118351359315857
0.005619534989532539
-0.0037648532787329294
0.0014722328181640538
0.002363949849132267
-0.00427367531701054
-0.009382599831830308
-0.011113313776042896
-0.014696243861991271
-0.022879555538389263
-0.018761539846614682
-0.003746991024463302
-0.0024950810270833405
-0.024077815196919275
-0.003086185835739678
-6.797002327638827E-4
-6.001666277636083E-4
-0.023182290771622507
-0.025222598765824514
-0.024201287328563956
-0.01577228749775097
-0.02730597101490817
-0.028866842700499454
-0.029937312747374076
-0.0287370731779261
-0.024463772900702598
-0.01341999085374283
-0.022585743940639533
-0.03053193770758565
-0.032352633674078736
-0.033305731831404194
-0.03304906060111303
-0.032647800634130586
-0.030608992776762527
NaN
-0.028989633711989465
-0.031721133811936836
-0.03222943466841312
-0.03213595567219805
-0.03252256302727315
-0.029639896950222937
-0.026260601371741722
-0.028517648518107213
NaN
NaN
NaN
NaN
NaN
NaN
NaN
NaN
NaN
-0.028827183356762504
-0.026684123782871924
-0.02774347436685273
-0.02849099831174918
-0.026615595242034513
-0.02971196767545221
-0.029894204725111617
-0.01745771640590847
-0.008899522437333971
NaN
NaN
NaN
NaN
NaN
NaN
NaN
NaN
NaN
NaN
NaN
NaN
NaN
NaN
NaN
NaN
NaN
NaN
NaN
NaN
NaN
NaN
NaN
NaN
NaN
NaN
NaN
NaN
NaN
-0.027768732092746714
-0.026373498059902186
-0.023307754344976856
-0.013431380956005098
6.989792041436679E-4
0.013117640578695668
0.02137306095303178
0.02222283721283127
0.009445565772497319
0.010804279357699523
0.020216562747329175
0.015700785944780103
0.0231997223436565
0.022779374489360012
0.0222689188428198
0.028070348094345356
0.030290217024921406
0.0262773575208212
0.023900018456136252
0.028175556932198434
0.028140125242253955
0.026634142173146604
0.021987655951698958
0.02026767292689976
0.014819212454521048
0.020746781517615696
-0.017217550728938852
-0.014299555669141938
0.0036459453709113557
0.014159044876304136
0.013706232587821852
0.014487181677062755
0.015269405787876063
0.006261833664520468
0.001811091506639084
0.0014673285493799022
0.006885094242253607
0.012870952449175497
0.01683359825096004
0.015461225273332501
0.013038424770703272
0.013013950513058509
0.0141120018066614
0.007178256474420306
0.019956222421186224
0.017806579212040027
0.024322220800047124
0.02801684390486165
0.020062627342881223
0.023845014209952258
0.023319931385990842
0.027918990010778633
0.027798074821859472
0.027722521235301858
0.02217643748830149
0.019083097014433684
0.016259086599607134
0.016064249216116523
0.017385853538445566
0.018032430548245017
0.02429779511904203
0.026897095242308697
0.024691943293109194
0.020214790671940982
0.024976454658081976
0.022548292304960162
0.016562589922371064
0.0117070782980472
0.006317781951406044
0.0019100330070242946
0.015297811590774108
0.013834423358599895
-0.012411641359430882
-0.00753668313307835
-0.006454866953284818
-0.014857772906792067
-0.024248910817929493
-0.02615664043273707
-0.027558058119952714
-0.028922116490504433
-0.02802025345347895
-0.03167448806227021
-0.031543165327959546
-0.03133448065529957
-0.031052603199130866
-0.03136713726461588
-0.03132554462794145
-0.03060478337550356
-0.03089456232077824
-0.030309224068162628
-0.03102507751658851
-0.03071789163533539
-0.030834172577234798
-0.03026755029170276
-0.030875854628376862
-0.031004478999693632
-0.030700508340574553
-0.0312696134144741
-0.032131484151318515
-0.03136402721984684
-0.03185009324463949
-0.03171111113190239
-0.030473455262751924
-0.02516971514224414
-0.022659881921520728
-0.01917735919669216
-3.2506462175055503E-4
0.007627280154689867
-0.007454654902924928
-0.02067398065644516
-0.018588070654389395
-0.018125983788831675
-0.02319257130777401
-0.023517521039938667
-0.019376621608113456
-0.023568896049895184
-0.025308465848271566
-0.02703201791570041
-0.020494396021798394
-0.024367912811097334
-0.026294300702648234
-0.019657875333927544
-0.010000376995330875
-0.01307946462303691
-0.022195469246906394
-0.022169501707185645
-0.020289310717160627
-0.02273898042224744
-0.020885017552876688
-0.017004716401354602
-0.017290313606540694
-0.02314213349672571
-0.025845208186287796
-0.026643188109066213
-0.024610765543918854
-0.020141999891528702
-0.006252539770902529
0.005661572664778984
0.011448496034914282
0.017768249077683592
0.017596691979875605
0.017733293130793755
0.014800404844870944
0.013520757810923371
0.02016495789711878
0.02555444980174372
0.02315854030776899
0.02478655030323527
-0.016043406521623293
0.007033994576030158
0.027406094202535612
0.021453909290237962
-0.024987943432378697
-0.027939300760888946
-0.020231572352749402
0.02228609393538463
0.027661167328044963
-0.00910823531167319
-0.008264216006328675
-0.026850310688794142
-0.0017578762423063796
0.024166787800595734
0.020312794643885496
0.01609135985080385
0.017442841569893935
0.023082465625237233
0.02647403396825762
0.00599417175637933
0.0049520701576864275
0.013509404598651069
0.01003554325582634
0.022459079413657955
0.015566317308259737
0.027018850508366426
0.031180717689739092
0.029713439567949335
0.02836121219452723
0.030857521611142646
0.013911755863133087
0.02912049561407013
0.030628915182985356
0.030640965415225114
0.029841457437510033
0.029791452744040478
0.028569394570427425
0.027312431277773788
0.02613466039320774
0.02784352938788633
0.022872128311496903
0.0038784840303658463
0.0024213779947173265
0.0017413196753914932
0.00622383213982864
0.007336475975092539
-0.012053932239872441
-0.026582442640804588
-0.029486872738197056
-0.03172410154849408
-0.03207895251743043
-0.032122111933554603
-0.032229227826236495
-0.03134988330135205
-0.03166850597825549
-0.030694352744686824
-0.03096050175000647
-0.03036074481965346
-0.03086318138881924
-0.03042060359600762
-0.02988888815582757
-0.02939915778422603
-0.0299958030394476
-0.02988068242303284
-0.02985624241111551
-0.029218271893608795
-0.02953716908495875
-0.029943278338435596
-0.0299737504168184
-0.029787188161672504
-0.029889586945561607
-0.02953412344339047
-0.029630356240716905
-0.029873391992627476
-0.030132523972160947
-0.030093515683640694
-0.03005199308191255
-0.02937960936294764
-0.030606581323188022
-0.030590107173200525
-0.030403695761217608
-0.03079622720364068
-0.031502639547091246
-0.03188682902797025
-0.026569118417041043
-0.01848061379343963
-0.008760819323289825
-0.009894098440402004
-0.015513278374599794
-0.021593760989907246
-0.02351886301877791
-0.026101150377634306
-0.02489042178280861
-0.02004595342378051
-0.0237055517237634
-0.02405705835555285
-0.022122783284220366
-0.020638442076151082
-0.0031666144328975727
-0.008582908197524115
-0.010402660291491474
-0.00807514886976328
-0.008195913880834408
0.004829103515340889
0.011879297268806929
0.00803416762673699
0.00835766064960789
0.008617980518223566
0.012170559258679409
0.016506148235299167
0.01620326659027771
0.018998217424537094
0.019263623787969284
0.017308601722668866
0.018935888259717506
0.02173661077755171
0.015667721507341765
0.006730858594583015
-0.0015372563357969639
0.00146762048285269
0.012275642994504544
0.012641446595104747
0.009533279495650405
0.005835142026923012
-0.012283084848606584
-0.023401796586844183
-0.02694253800807785
-0.029969172159391162
-0.031087473954439986
-0.03153439183508589
-0.03156523616632764
-0.03132994405238764
-0.030885093000037476
-0.030953428363566616
-0.031182679528671837
-0.030248311129672772
-0.030248317073336636
-0.03010496052515297
-0.030192254483448668
-0.030398770853493556
-0.03022982313635027
-0.029877124798593366
-0.030268812284324122
-0.030485350838384082
-0.030148498417777093
-0.03017206267072602
-0.03073991023278579
-0.030198709975914843
-0.030492390851525625
-0.03050125449915476
-0.030361310132549276
-0.03027802470290165
-0.029587048889332345
-0.030339982771189187
-0.030218199192935762
-0.0305828615709202
-0.03064554035704357
-0.0303097067583939
-0.030548930869631393
-0.03066011167538085
-0.030080036736355318
-0.030540640902697615
-0.030802130659942962
-0.031052393849892352
-0.029978683645809988
-0.030944854705155764
-0.031163521383452655
-0.03042959347388038
-0.03125751796823543
-0.0308450155111813
-0.03087540379361543
-0.031500215788946996
-0.030788836029268973
-0.029728277003378333
-0.02589454725100493
-0.023594007980570753
-0.014865042450363079
0.006501992849573994
0.011472202198011417
0.01383216526060069
0.01812060597811557
0.018350057618309806
0.015352206407901199
0.02037398125984993
0.02066839268402994
0.01547926544914929
0.01181531126162565
0.004596410645746502
-0.005852719317214333
-0.01593857076121577
-0.01941322540869354
-0.023013187865037206
-0.025799727231717872
-0.028803334518997657
-0.031852431349995186
-0.03138062008017621
-0.03190125219118466
-0.031375963701647046
-0.031769921246654245
-0.03179553825810425
-0.03140922167095334
-0.03175668224772874
-0.03182043889224531
-0.03134876787431426
-0.031778007976368594
-0.030922720720393388
-0.03126184034203575
-0.027645425588237026
-0.015184839405752014
-0.01906656658598448
-0.02007369159317954
-0.028208072339719118
-0.02753896690632421
-0.027044488731943813
-0.019651999688601835
-0.018558403010912012
-0.018783096711114285
-0.0032048855266087932
-0.02066852386100353
-0.02584367971455308
-0.021982131765686367
-0.01019181154765451
-0.019301182574908708
-0.01388415402347374
-0.022133076112527607
-0.024279772653745042
-0.02659125256136624
-0.02821804112920821
-0.017714936898892628
-0.005225258941347915
-0.0030062038798432814
-0.007740878450303606
-0.003254746946079719
-4.978563238989344E-4
-0.0074809524231285165
-0.011074439115265424
-0.013960095519579559
-0.00979887196889236
-0.00504032028878013
0.005278036201468149
0.005443102714546046
0.0034831098847666413
0.0046765521789682
0.008932304808679674
0.012610177072696304
-0.007357248022850936
-0.009505836435466302
-0.005414263946474191
0.004254675968118566
2.322601209173823E-4
0.00195136514006443
-0.0044091934919763464
-0.0050642738161257705
0.008151394170039577
0.01031518322389939
0.008364035159396621
0.007543308116095244
0.013564472548034896
0.009891209631847496
0.0010186133302305836
3.532798851607291E-4
0.006249737710858407
0.011356642845982923
0.013541343288813266
0.01237418114914262
-0.004918812676756986
-0.012251243920596316
-0.023632474192424244
-0.02396545468390033
-0.02522613995647262
-0.026554507805228646
-0.02991132182915411
-0.031854201463083966
-0.03160809505637823
-0.030250315215892592
-0.027350971903873342
-0.023178231662047938
-0.02104765322023014
-0.010598471568922421
-0.018440515350253074
-0.02152527731740964
-0.024905188228551253
-0.026136313261645474
-0.02704164358305571
-0.025447088855958533
-0.014418745749249708
-0.0067930161074380765
-0.006290862601849161
-0.013971547532402765
-0.009902683266921963
-0.008987503865641844
-0.006159433113972172
-0.005139047730434178
-0.008441404475193131
-0.015497581745227404
-0.02032846761986952
-0.021854899735430013
-0.023674743130215902
-0.02581080258150084
-0.02559491651944695
-0.02656254504960712
-0.027092535239962856
-0.026739286430717584
-0.025458497991687857
-0.02658999604770201
-0.02519329634877945
-0.02433904777007763
-0.019292023906340976
-0.015774412845082263
-0.01339296196861435
-0.014503845624991803
-0.009009294840462558
-0.011817604810288155
-0.014252123986372562
-0.014276369373373957
-0.012100824191859871
-0.0038421560083320445
-0.01058600961529578
-0.01465479569838429
-0.01112653978973642
-0.006094791181887362
-0.008734026484251659
-0.010108720987960656
-0.014903031288576552
-0.013668353130483694
-0.010608705098650337
-0.008054302898112195
-0.005639963811473952
-0.0034071462026239816
-0.0067604104248791775
-0.011893067993726084
-0.010933718173506482
-0.010350895991439051
-0.010696297444543704
-0.00754913996099519
-0.004577389307564804
-0.0064749577655319815
-0.003491338762784242
-0.0037757266250009877
-0.0038771339180209445
-2.7202574270809876E-4
1.1155413964501195E-4
-0.005077430584547595
-0.003103131841723847
-5.068368170974339E-4
0.0027367870100342157
0.004044457692560089
0.012478065049848684
0.008523412524197178
0.01191770451692993
0.01679756358866352
0.015522937782582048
0.012523515985650994
0.00802968251900699
0.0038690291253991095
0.005769261422377371
0.013300680157226331
0.007411710312526478
0.00764581844265738
0.00427626512616649
0.0027146731319717876
-3.609537362985226E-4
0.004002959373499966
0.004578389134444836
-0.0013142430545368005
-0.006551664872753627
-0.0077128364712463334
-0.008003641189483327
-0.0103212758291235
-0.008322738279831585
-0.007679604093225383
-0.00776380627119025
-0.0045012597757403666
-0.0066687594748372925
8.888726387401914E-4
0.0014583323976094125
0.004908438660749213
-0.004227810288514342
-0.004764132465178925
-0.005610516229685616
-0.0027898750713903245
-2.207933935032653E-4
0.0018965666828127867
-4.3514429835882E-4
0.001222699455952788
-5.532893825617052E-4
-0.0024656046563073008
-0.0022137133099395523
-0.006874911977063989
-0.006337456845657927
-0.010458814493207163
-0.009584379617849553
-0.007997481761503184
-0.0010639081571569503
-0.004116829252395006
-0.013655181867693912
-0.02583244989389574
-0.014901186109303102
-0.016952615596011723
-0.023098733016170808
-0.020928490091550664
-0.019200324185716863
-0.019071907827565945
0.0028224943613649692
0.009664764310118541
0.007096711011641909
0.007233850775487639
0.005704760968313814
0.013729531665374932
0.012517573028412433
0.00936638387583029
0.006642076846688363
0.02028704604318727
0.018788448988310162
0.011729519432225263
0.0039756944302255385
0.003721786631192808
0.0034771802626782974
0.006677954067473208
0.003638828671737857
0.019756776906533387
0.022350593288265573
0.02161519434482316
0.012125880058553036
0.01647886146302241
0.019395182941311286
0.01869583435585736
0.01828321059846223
0.023484881209725906
0.02368298205150157
0.024219761574333434
0.02729002119865219
0.028321469704224396
0.02690603149835505
0.017580078367089174
-0.015600896855233706
-0.022939589035165537
-0.02500220142966637
-0.02066088910978734
-0.025275585189902427
-0.02875141485145073
-0.02634868241363157
-0.02543031394575598
-0.026367584188466717
-0.027017135713588346
-0.022677401614027853
-0.015612647782968874
-0.01617906028751272
-0.0186132266159064
-0.016780128857025695
-0.02159467681890324
-0.02117919431552603
-0.026544979415000936
-0.029405125617822624
-0.030841158676317464
-0.030133943813169584
-0.03049886802286497
-0.030756678142033405
-0.029976423427202924
-0.030110576706615967
-0.0256495800368156
-0.016234191212792706
-0.018285213708829528
-0.01593539177347293
-0.016761940584987988
-0.014220253917714622
-0.008518055135791992
-0.013533127378747928
-0.013481826362079737
-0.014267411599171245
-0.011302115756181088
0.0014874046874759712
0.00524081024469663
-0.005297237295217113
-0.012949627723042242
-0.013831152921269987
-0.005749830346937516
-0.007014902888142033
-0.005652758024842486
0.003909536525508874
0.011808412944155154
0.0074966466120807715
0.009954964915752415
0.006897290869597649
0.01231902868987593
0.020988319658696394
0.02134347225418598
0.015558070132746939
0.016315373113488785
0.01728289761606561
0.013946484419947364
0.0181978233434467
0.02451833193507968
0.024762298134841845
0.022838291977770257
0.02548494732827032
0.027965917029271162
0.0315044572709845
0.030127031579855086
0.02894592404359562
0.028746412448433605
0.028408771044007047
0.02928092868263253
0.028408839517789386
0.029400159472034445
0.030592317915397002
0.029039802629981196
0.03157167433121748
0.03197232052444802
0.03344518304338696
0.03284247425683917
0.031116385420617065
0.02826764281315959
0.029294224755896697
0.028701545362801586
0.027858382115563463
0.02751021473181212
0.027675149500081053
0.029036769785971975
0.02870948469075523
0.01943838198827328
0.018929082603696874
0.00570112870202894
0.005114865534689796
0.0053939356379454064
0.0014505796542893298
0.005766894808537072
0.017828054444277125
0.020866854331771947
0.023314640535602157
0.019778985572272048
0.0019932926560529856
-8.027154333931151E-5
-0.0029102462072355026
-0.0033466638834535314
-0.005078262171702576
-0.005494972825052052
-0.006897014622681315
-0.006569884714149443
-0.0030737078400858674
-0.0023457228668693608
-0.004121113704212092
-0.005485249601679428
0.0013793339401843648
0.011089070213594385
0.004750622212022621
-0.003783408489708235
-0.00566444848184969
-0.006085529929565024
-0.00442543211967773
-0.007039820105416637
-0.002202672133117269
-0.0023089012926768506
0.007792536522704163
0.008258926421094352
0.01734052241269105
0.016941196483429035
0.013100663547967278
0.007888171270975176
0.007954240869413792
0.004263102601397275
2.0885295510040722E-4
-9.249133295215661E-4
0.001969056778339264
0.0023262436227066948
0.0051385478134328135
0.006502349371254234
-0.0017726626895032704
0.0018066660918847088
0.005674167016608163
0.007212817039624491
0.005733320535851682
-0.008354745743275764
-0.008331559857932772
-0.011321125531615336
-0.012529518474543498
-0.013480056251440636
-0.012864581485028857
-0.006998246988534208
1.8041232206351693E-4
-0.0057990658747369556
-0.009047190089863218
-0.011115589069160822
-0.01125598084394984
-0.013877373439991698
-0.012434519705644197
-0.010501761087387203
-7.815361259021236E-4
0.0035717637080445994
0.01909910664413709
0.008330267561234374
0.008188675383642766
0.014648044636184028
0.010942688358406664
0.004935283117097758
0.004746963459472733
0.006319876298783088
0.008891564320500558
0.009377623241625763
-0.007558036929432704
-0.014022465394124557
-0.006216238559645483
0.008859278507225763
0.016018454045211777
0.017172401359822866
0.01733612486904629
0.009129528522125174
0.0034488908154186176
-3.397153892237541E-4
-0.004698210012210807
-0.011742483056048757
-0.009800415219383952
-0.009663734238229242
-0.011110284075725348
-0.009199529129950822
6.435443984097202E-4
0.01389394892136643
0.027017621506974284
0.027557668168633604
0.026884985326367305
0.025906101933967328
0.029059935959713918
0.030696386092161392
0.028963370299349905
0.02926114400203951
0.028855126313353976
0.030047050821372743
0.029324454025828048
0.028343980489418993
0.027625276807139075
0.029081528302173008
0.02834185346329063
0.028754807411312845
0.029042843506659588
0.029532700364380736
0.025996804057498175
0.024953006015277425
0.02744329911235501
0.030051930944504965
0.02841226527423105
0.018168328639839686
0.018395451624945207
0.011336989019546852
0.01556638631487239
0.01591048534341063
0.013123194740934645
0.019711275795792134
0.026490373493674658
0.02469924493231457
0.026674713880670036
0.022559863923110726
0.021647902975486306
0.02137649060748937
0.02342577305706401
0.019136585130061282
0.023320403920144388
0.023422880422973136
0.02203357787393954
0.016625503503298923
0.005718709088167697
-0.011914499113091132
-0.015966073966877284
-0.018138725821926233
-0.017768938548227944
-0.01656888734856985
-0.012041710255791972
-0.00580337730536429
-0.008395336631740944
-0.011536007504570723
-0.011256119105025275
-0.005441854424768675
-0.004275571905416125
-0.003051292076114101
7.214028830437587E-4
-0.015555771171895098
-0.017734251369923716
-0.017309312307751703
-0.017154261900593062
-0.01663980951104525
0.013390967534073494
0.01673675487493759
0.011599401951557013
0.012691147360905687
0.0090948685737408
-3.7415029626139277E-5
-0.007621857878112845
-0.01213039743645173
-0.009334391000259245
-0.0019364275851916015
0.006423569430814652
0.005830057688683418
0.00506578570987815
0.008547197037940638
-0.005854853721553961
-0.010583668129086121
-0.003219712090447589
0.002575626472230983
-0.00949448037481598
-0.006144134670246216
-0.0011344110000083832
0.002412374321711968
-0.003791696043595193
-0.004078007286236599
-0.004218322472222488
-0.00499871550693166
-0.0042763630049273025
0.0014847681023140834
0.011997623806466615
0.006214631826433048
0.0037176212720298795
0.005839210847998516
0.003838245235915307
0.008294887336448838
0.009236144027047907
0.012456667003711366
0.007453244278580703
0.004896823305585242
0.009497235646476043
0.00902434690525181
0.00462090935657746
0.0057170689191455805
0.004622334266972524
0.00554380370328273
0.006413346413278248
0.007449801892254652
0.02423676717189029
0.022172192102223796
0.01964361820459215
0.017628705767603975
0.010969464938297785
0.011772844792224749
0.012270448083403392
0.009499400753560944
0.012078017857130936
0.016242899456066568
0.01883109162023358
0.021800154995308556
0.023886353965021197
0.019487427390178717
0.007011973391648211
-0.004048957456629502
-0.00906736508231984
-0.011207463056846029
-0.010274562301878329
-0.013220026857494124
-0.012600448799976911
-0.01055033442600042
-0.008889908668161754
-0.01078213343241119
-0.010924658366825286
-0.012374038958224504
-0.01090632603545278
-0.011519563332628317
-0.0071996206671848745
-0.006515056619431611
-0.007331451379423437
-0.00730284633871326
-0.013292587085623527
-0.01199840947217137
-0.011634703080746153
-0.009644802629280396
-0.009428529459787182
-0.008725928279292097
-0.00650562121941987
-0.01027469138461069
-0.011126622765127488
-0.012903145547890234
-0.011203504194566803
-0.009903916927124116
-0.010685622079297283
-0.00787217508517081
-0.007633175016548068
0.008244604162925329
0.01877872286780867
0.009826213530430287
-0.0010031965135484195
-6.090835869993244E-4
-0.002447639834020333
-0.004826910828803079
-0.0066497065373718025
-0.005863045870955119
-0.0033339037900662963
0.00889706917631395
0.010475327148935558
0.0021662055894728144
0.0029836529626334385
0.0010298526956842933
0.005674064714060977
0.009409650445958605
0.010717083831925645
0.01591573663461314
0.01863360788949408
0.014352317913786976
0.01794134085056284
0.015143953138821147
0.014466587555198123
0.012599859154906214
0.018342034678547163
0.02512750387548834
0.0281223690265957
0.027293039426361316
0.026002093751517012
0.024019475326528227
0.02652384273101106
0.026008078242781594
0.025653845919125937
0.023223203880497655
0.020389427321476344
0.021016360696335567
0.022085515507613354
0.024261837479775433
0.027376792222144185
0.02753505594187687
0.028835772199613512
0.028493639390233756
0.03070378469226216
0.03354590357247986
0.031978130536144164
0.02597991726547518
0.025809268539021418
0.028600945423986585
0.027786734697986575
0.02036705350575485
0.022705216756625922
0.024085219885920384
0.01112279789688089
0.01992400591631935
0.015762584089377408
0.009912927920186304
0.006299615099449252
-0.0027592626649922875
-0.00724651556375062
-0.0088621537990432
-0.011443613307129487
-0.009283035718831645
-0.009975802700966638
-0.011675863793918495
-0.012032202767765138
-0.009916212023115985
-0.010780465359342448
-0.011706724225656471
-0.010436771555604542
-0.0074864113999909875
-0.007963896387581881
-0.01051965679602284
-0.003152381086379199
-0.004460661889617632
-0.0062698720183575005
-0.01029371570895498
-0.010979420828338377
-0.012446339031943733
-0.01265735484904143
-0.012783048910217507
-0.012565474873304713
-0.012723842415798391
-0.009980041957484153
-0.011768834566541361
-0.011734529836404994
-0.01093124486468576
-0.012743960131086265
-0.010015039320190097
6.459348226158216E-4
0.005934551289173945
0.011788465618016285
0.004195537752007496
-0.0046722016298081795
-0.004924535948019885
-0.0031733920220101052
0.011798369302242373
0.02395531378865688
0.024510918315855376
0.017126801535506737
0.01467555254603144
0.020283404805357185
0.017834763343566068
0.01906481285037456
0.020379462839213318
0.02145236487285976
0.018409606362225883
0.02280200263132224
0.018243242366332495
0.020005203124086157
0.01788158168719747
-0.004728320189028243
-0.009602272926172547
-0.009468922191183178
-0.01379085253382658
-0.014393294004236914
-0.014496912819681455
-0.015013817806459506
-0.011010013725471397
-0.009528793801952967
-0.010915722418197854
-0.013010460149895268
-0.012805975828158012
-0.013295524172928196
-0.009981877984407278
-0.01266449184359636
-0.007487861067589841
-0.002346897443371531
0.0010643558141543716
9.813354558794113E-4
-0.004648769972295804
-0.011052857083436844
-0.010945634210862108
-0.007488585852097729
0.004271204432501544
0.016907937325048656
0.013089419681035872
0.015118127490204275
0.020870886035113355
0.02570380904776026
0.02512859737313335
0.030632451472417516
0.029732104549918533
0.033421502728209845
0.033117278664694355
0.03187379508328092
0.03200653204814021
0.03130156429464769
0.030394046742289158
0.03139473149448613
0.0315062506536462
0.030516746814060174
0.03290333263740871
0.03270700723817361
0.03224951434677119
0.03014932979004571
0.030312542573118866
0.030372011828572534
0.031711708152050384
0.030998490718553668
0.030216380202147532
0.025891894088178692
0.023652828900741028
0.02561574548032455
0.025630312005764024
0.027381934621642626
0.025957195081188912
0.025414296510120282
0.028752159344564265
0.02788780744221941
0.027672131861437067
0.026718472144841843
0.02864718474271818
0.02809315046601453
0.01582445809993772
0.005014201830243996
-0.004325337680434993
-0.005237345960734036
-0.0040027103204670475
0.0017738187401701863
0.007882255871115108
0.007038453979306737
0.00817113709978426
0.003265365980043475
-8.171586117460582E-4
-8.056933228608185E-5
-0.0037614415254624157
-0.004743693130675957
-0.00501784531128828
4.2238623062326817E-4
-0.0014288550192287988
-0.0032864586273013046
0.012028804286791452
0.012581410542280028
0.008687123870631412
0.014782907988098202
0.023844112167940787
0.020698021979784077
0.012879483970967831
0.005030608757481834
0.005975124442112427
0.00405223531430754
0.0013829092275840496
0.007843973037572245
0.009967796431224231
0.013351710700914236
0.02315132547201237
0.026924829552646256
0.028235073447279886
0.024709327579053957
0.022891912873481565
0.026394267205752265
0.02096483216333567
0.017645244394638153
0.018164346724120498
0.016130268648356965
0.010643809762139467
0.00413829363226726
0.007279217191300672
-0.004880672808433203
-0.016436841593433373
-0.018565220798946548
-0.019935717468292584
-0.019907168149625776
-0.02040058903288715
-0.018486977584026853
-0.018118328740542162
-0.01650154976903346
-0.013596687727093403
-0.0013669843032620313
0.003731260148575173
-0.003061967367576822
-0.007623393564384116
-0.012188683591455834
-0.009908303269675366
-3.994475637393391E-4
0.002003599809292092
-8.795992109625294E-4
-0.005706689277947753
-0.006416261299690733
-0.0010545214422175765
-0.004110135148303701
-0.008654417719776264
-0.008554003706303652
-0.008610667212278152
-0.004289317521679776
-0.0018706348866548068
-0.0027358143624581365
-0.007745559873585157
-0.0030006796541659584
-0.008971910011093931
-0.010165008359729218
-0.009631798984138778
-0.00995908806749285
-0.009720750151157784
-0.00638808277303171
-0.003390727033045462
-0.0049538371631436045
-0.008742487203923916
-0.006963682538237846
-0.006711743275508622
-0.005603354922094511
-0.002854260686336876
-0.002173665342040355
-9.99149638018252E-4
2.5837278198753656E-4
0.0029521851542705425
0.005594431475801033
-0.0014451657661077887
-0.008718817064852797
-0.009599708595221242
-0.01199152522847756
-0.011484890954293107
-0.00906702355428813
-0.008650158028915295
-0.004101989901867196
-0.0035868953129166176
-0.006241334479538342
-0.006273534455499397
-0.008222373460838865
-0.008384085375020615
-0.006279672984495611
-0.0034929939613083166
0.002917912374036673
-0.005031399788911959
-0.0013412365040796391
-0.0029535366024747945
1.0672645044609071E-5
0.01132957113673011
0.026779076191963843
0.02801935760005708
0.02818721585099794
0.027970815599024194
0.02806227797395761
0.0230790425515409
0.024364559977316173
0.028990173848937515
0.03021727214831362
0.029899515165110354
0.030752489722694325
0.027628090109634768
0.024543882933494455
0.017220942289265483
0.013551388785716899
0.010953092262991865
0.010966570186151332
0.016381078660339547
0.016362886652777155
0.019934051395980878
0.023408516279268606
0.015881679376226882
0.013703980129596758
0.017289536688915242
0.021642708012727288
0.02775435684924509
0.027356538638054557
0.02314088819175172
0.026903326398896324
0.031078747848931634
0.028160095041145573
0.031082385391490837
0.03151822000070092
0.031136026709005657
0.029753818414312523
0.02706902843033571
0.02836717930873162
0.029222539835889787
0.029760033008612723
0.03035340758137793
0.028937546403925703
0.027061549499793194
0.02584455279334668
0.022483313209448855
0.004658402675495572
0.0030283346044860234
0.008557098270002592
0.007002507257854773
0.007157979248154367
0.0044388021536625345
2.982368600236683E-4
0.003758702307954117
8.640819622526006E-4
-0.002854538319563995
-6.285985705606443E-4
-1.124302405277743E-5
-5.10127605568214E-4
-6.509382858430738E-4
-0.004641020016984178
-0.004414679499159372
-0.002903931200943218
0.0036602177076948896
-5.830668674533543E-4
-5.167021290104286E-4
-0.0023451737452278116
-0.004453994357444039
-0.004564787444010198
-0.00784793615685814
-0.010961908993201028
-0.007927961866638817
-0.004468196848195035
-0.005543209653032814
-4.4320543138045014E-4
0.008191471806245056
0.010817551929536685
0.016580842083098388
0.012728704117462943
0.01404919366289683
0.01006256565194645
0.01124682865049247
0.010063158981956446
0.017967270364192944
0.021601308848549848
0.021120456673949684
0.025882061931816656
0.027575832791510935
0.024396750411909408
0.024731197861944516
0.02700537569921473
0.022639442830131896
0.017339590883576644
0.019868839790491064
0.01996410586290507
0.013268688367342202
0.016741494126312907
0.021306874748060527
0.016745774369209706
0.011516261774791377
-2.353750579978226E-4
-0.0013791200879906926
-8.848277637799264E-4
3.3618784811649386E-4
-0.0017987645585687347
-0.0024637380687729236
-0.0012405372762491918
-0.0023279278146774223
0.0035341434369343346
0.008181990526649262
0.008089754997319095
0.006876533222887638
0.011534931679398674
0.0145812011316396
0.014532257484075141
0.015603389342766779
0.011694342556577732
0.00383165146633931
0.0022890187172321455
8.466979782288425E-5
0.005514086853359042
0.0027831969993873155
0.00854759304347022
0.013920441605892089
0.00629059802026628
0.0014563758868625237
0.007158578186012688
0.009461237606864147
3.026492316494752E-4
0.0016134811527083212
0.0018734966108418917
-0.001273085023256174
4.3795712000890114E-4
-0.0018289618235868277
0.0032545132336688036
0.007586718763047591
0.005168212351050052
0.0018676390236365035
0.003371622667534495
0.0055977824745097205
0.009544495282043371
0.01304694986973531
0.02331443108447421
0.026822069028549316
0.024351497887494262
0.02491054787815538
0.030116735563308638
0.031491702206566434
0.028271176796312976
0.03097964482896303
0.029559258263667374
0.029444489464168312
0.030015047158884443
0.0293897653381969
0.028212965226547624
0.03122429716401171
0.03197696703107616
0.02864098543129463
0.0298415428603856
0.03187608354744426
0.032604031819750974
0.03077653436452691
0.030389130187800446
0.030485183158702613
0.03002500589663157
0.03117281366577049
0.02797041676949266
0.020124079696458557
0.026380653365515767
0.02660594630437305
0.022620223177806195
0.02327251397258472
0.0216641939145786
0.023055823392461663
0.029797027476908995
0.02785365329889989
0.02793928434780764
0.02233737116075876
0.024866942297264782
0.022209910618979374
0.007308291065333901
0.023462670283191194
0.026275767450522403
0.022829873102501032
0.02170352820863566
0.014825857028753591
0.014557330301058779
0.017851597524958695
0.017308668845988532
0.023423621270866272
0.022630692006028984
0.028063069194238975
0.023916774554395292
0.026900044467802562
0.014039691225916934
0.0168995024343968
0.019700622298721496
0.020478021351342125
0.022914634903725518
0.024691565744482526
0.007987345471270706
0.002868255585149984
0.004146734056622728
0.005444777130053186
0.006568441878403156
0.013088162439080314
0.01020335471170284
0.0049015400603389814
0.00395007608297296
0.0032211767130346717
0.006383878420618572
0.010938349340392322
0.003036500594447519
0.0035772014445382755
0.00822969303013609
0.01784584682837385
0.019546100055772685
0.012056138742145377
0.010336943680463132
0.011382734300793534
0.02571751090430929
0.030437456736583986
0.029432505624104148
0.029182474166297514
0.027154914765853237
0.02745824459067265
0.028715253118808216
0.024730731954809137
0.025372483864963873
0.02614544848335218
0.02422553938882978
0.023591515477026394
0.015527782840111894
0.01524919843944885
0.0015829364016156802
0.001017262060280241
-0.002225610968379191
0.004333831727345642
0.004312396802911902
-7.5807324822629E-4
-0.006898860353472438
-0.004894745134094686
-0.00658863308471603
-0.007260245954542066
-0.01074602992501969
-0.013602207747080364
-0.012614261492481044
-0.013150224350995495
-0.008575518064793754
-0.0010573374638397958
0.0011211072599010483
0.005869021620067826
0.011517153119570765
0.013750922201112053
0.014736881539757732
0.018800215358634676
0.011631643592071354
0.018374343804430662
0.01961094834895354
0.02261158342489374
0.025578223167096407
0.026692863841312822
0.030526568132749638
0.02749115131203856
0.027982475794591077
0.026107072897602772
0.025403770751008904
0.012825080770105593
0.009254839265534859
0.007655911030249974
0.005389210752178846
-0.02308055539000272
